              vars       n   mean     sd    min     max  range     se Q0.025
tot_fix_wthn     1 1500000 0.0200 0.0022 0.0112  0.0315 0.0204 0.0000 0.0158
tot_fix_btwn     2 1500000 0.0000 0.0000 0.0000  0.0000 0.0000 0.0000 0.0000
tot_slp_varn     3 1500000 0.0053 0.0012 0.0014  0.0132 0.0119 0.0000 0.0032
tot_int_varn     4 1500000 0.3914 0.0223 0.3025  0.4935 0.1909 0.0000 0.3494
tot_sig_varn     5 1500000 0.5833 0.0215 0.4856  0.6684 0.1828 0.0000 0.5398
wthn_fix_wthn    6 1500000 0.0328 0.0035 0.0193  0.0503 0.0310 0.0000 0.0263
wthn_slp_varn    7 1500000 0.0087 0.0019 0.0022  0.0212 0.0190 0.0000 0.0054
wthn_sig_varn    8 1500000 0.9584 0.0040 0.9344  0.9741 0.0397 0.0000 0.9500
btwn_fix_btwn    9 1500000 0.0000 0.0000 0.0000  0.0000 0.0000 0.0000 0.0000
btwn_int_varn   10 1500000 1.0000 0.0000 1.0000  1.0000 0.0000 0.0000 1.0000
imputed_df      11 1500000 5.5000 2.8723 1.0000 10.0000 9.0000 0.0023 1.0000
               Q0.975
tot_fix_wthn   0.0246
tot_fix_btwn   0.0000
tot_slp_varn   0.0079
tot_int_varn   0.4365
tot_sig_varn   0.6239
wthn_fix_wthn  0.0398
wthn_slp_varn  0.0129
wthn_sig_varn  0.9658
btwn_fix_btwn  0.0000
btwn_int_varn  1.0000
imputed_df    10.0000
