              vars       n   mean     sd    min     max  range     se Q0.025
tot_fix_wthn     1 1500000 0.0197 0.0022 0.0112  0.0323 0.0211 0.0000 0.0156
tot_fix_btwn     2 1500000 0.0687 0.0177 0.0109  0.1622 0.1512 0.0000 0.0364
tot_slp_varn     3 1500000 0.0053 0.0012 0.0015  0.0126 0.0111 0.0000 0.0032
tot_int_varn     4 1500000 0.3288 0.0212 0.2478  0.4302 0.1824 0.0000 0.2891
tot_sig_varn     5 1500000 0.5775 0.0214 0.4533  0.6635 0.2102 0.0000 0.5342
wthn_fix_wthn    6 1500000 0.0327 0.0035 0.0190  0.0501 0.0311 0.0000 0.0262
wthn_slp_varn    7 1500000 0.0087 0.0019 0.0025  0.0206 0.0180 0.0000 0.0054
wthn_sig_varn    8 1500000 0.9586 0.0040 0.9368  0.9744 0.0375 0.0000 0.9502
btwn_fix_btwn    9 1500000 0.1723 0.0409 0.0296  0.3593 0.3297 0.0000 0.0946
btwn_int_varn   10 1500000 0.8277 0.0409 0.6407  0.9704 0.3297 0.0000 0.7455
imputed_df      11 1500000 5.5000 2.8723 1.0000 10.0000 9.0000 0.0023 1.0000
               Q0.975
tot_fix_wthn   0.0243
tot_fix_btwn   0.1056
tot_slp_varn   0.0078
tot_int_varn   0.3723
tot_sig_varn   0.6182
wthn_fix_wthn  0.0397
wthn_slp_varn  0.0129
wthn_sig_varn  0.9659
btwn_fix_btwn  0.2545
btwn_int_varn  0.9054
imputed_df    10.0000
