              vars       n   mean     sd    min     max  range     se Q0.025
tot_fix_wthn     1 1500000 0.0014 0.0002 0.0005  0.0027 0.0022 0.0000 0.0010
tot_fix_btwn     2 1500000 0.0003 0.0004 0.0000  0.0065 0.0065 0.0000 0.0000
tot_slp_varn     3 1500000 0.0007 0.0002 0.0001  0.0020 0.0019 0.0000 0.0004
tot_int_varn     4 1500000 0.0642 0.0057 0.0444  0.0972 0.0528 0.0000 0.0540
tot_sig_varn     5 1500000 0.9334 0.0058 0.9005  0.9532 0.0527 0.0000 0.9212
wthn_fix_wthn    6 1500000 0.0015 0.0003 0.0006  0.0030 0.0024 0.0000 0.0010
wthn_slp_varn    7 1500000 0.0008 0.0002 0.0001  0.0021 0.0020 0.0000 0.0004
wthn_sig_varn    8 1500000 0.9977 0.0003 0.9955  0.9988 0.0033 0.0000 0.9970
btwn_fix_btwn    9 1500000 0.0039 0.0055 0.0000  0.1000 0.1000 0.0000 0.0000
btwn_int_varn   10 1500000 0.9961 0.0055 0.9000  1.0000 0.1000 0.0000 0.9803
imputed_df      11 1500000 5.5000 2.8723 1.0000 10.0000 9.0000 0.0023 1.0000
               Q0.975
tot_fix_wthn   0.0019
tot_fix_btwn   0.0013
tot_slp_varn   0.0012
tot_int_varn   0.0763
tot_sig_varn   0.9437
wthn_fix_wthn  0.0021
wthn_slp_varn  0.0012
wthn_sig_varn  0.9983
btwn_fix_btwn  0.0197
btwn_int_varn  1.0000
imputed_df    10.0000
