              vars       n   mean     sd    min     max  range     se Q0.025
tot_fix_wthn     1 1500000 0.0394 0.0032 0.0258  0.0550 0.0292 0.0000 0.0334
tot_fix_btwn     2 1500000 0.0567 0.0170 0.0064  0.1564 0.1500 0.0000 0.0265
tot_slp_varn     3 1500000 0.0057 0.0012 0.0017  0.0120 0.0103 0.0000 0.0037
tot_int_varn     4 1500000 0.3326 0.0217 0.2511  0.4383 0.1872 0.0000 0.2920
tot_sig_varn     5 1500000 0.5656 0.0203 0.4653  0.6503 0.1849 0.0000 0.5249
wthn_fix_wthn    6 1500000 0.0646 0.0046 0.0444  0.0864 0.0419 0.0000 0.0557
wthn_slp_varn    7 1500000 0.0094 0.0019 0.0028  0.0196 0.0168 0.0000 0.0061
wthn_sig_varn    8 1500000 0.9261 0.0048 0.8993  0.9467 0.0474 0.0000 0.9162
btwn_fix_btwn    9 1500000 0.1451 0.0408 0.0159  0.3533 0.3374 0.0000 0.0701
btwn_int_varn   10 1500000 0.8549 0.0408 0.6467  0.9841 0.3374 0.0000 0.7712
imputed_df      11 1500000 5.5000 2.8723 1.0000 10.0000 9.0000 0.0023 1.0000
               Q0.975
tot_fix_wthn   0.0459
tot_fix_btwn   0.0925
tot_slp_varn   0.0083
tot_int_varn   0.3770
tot_sig_varn   0.6038
wthn_fix_wthn  0.0736
wthn_slp_varn  0.0135
wthn_sig_varn  0.9352
btwn_fix_btwn  0.2288
btwn_int_varn  0.9299
imputed_df    10.0000
