              vars       n   mean     sd    min     max  range     se Q0.025
tot_fix_wthn     1 1500000 0.0200 0.0022 0.0107  0.0316 0.0208 0.0000 0.0158
tot_fix_btwn     2 1500000 0.0020 0.0028 0.0000  0.0368 0.0368 0.0000 0.0000
tot_slp_varn     3 1500000 0.0053 0.0012 0.0016  0.0131 0.0115 0.0000 0.0032
tot_int_varn     4 1500000 0.3916 0.0226 0.2911  0.5124 0.2213 0.0000 0.3488
tot_sig_varn     5 1500000 0.5811 0.0219 0.4633  0.6789 0.2156 0.0000 0.5364
wthn_fix_wthn    6 1500000 0.0330 0.0034 0.0187  0.0509 0.0322 0.0000 0.0265
wthn_slp_varn    7 1500000 0.0087 0.0019 0.0025  0.0209 0.0183 0.0000 0.0054
wthn_sig_varn    8 1500000 0.9583 0.0040 0.9365  0.9750 0.0385 0.0000 0.9499
btwn_fix_btwn    9 1500000 0.0051 0.0071 0.0000  0.0819 0.0819 0.0000 0.0000
btwn_int_varn   10 1500000 0.9949 0.0071 0.9181  1.0000 0.0819 0.0000 0.9745
imputed_df      11 1500000 5.5000 2.8723 1.0000 10.0000 9.0000 0.0023 1.0000
               Q0.975
tot_fix_wthn   0.0246
tot_fix_btwn   0.0101
tot_slp_varn   0.0079
tot_int_varn   0.4376
tot_sig_varn   0.6226
wthn_fix_wthn  0.0400
wthn_slp_varn  0.0129
wthn_sig_varn  0.9656
btwn_fix_btwn  0.0255
btwn_int_varn  1.0000
imputed_df    10.0000
