              vars       n   mean     sd    min     max  range     se Q0.025
tot_fix_wthn     1 1500000 0.0044 0.0005 0.0027  0.0072 0.0046 0.0000 0.0035
tot_fix_btwn     2 1500000 0.0000 0.0000 0.0000  0.0000 0.0000 0.0000 0.0000
tot_slp_varn     3 1500000 0.0012 0.0003 0.0002  0.0031 0.0029 0.0000 0.0007
tot_int_varn     4 1500000 0.0651 0.0058 0.0437  0.1018 0.0581 0.0000 0.0547
tot_sig_varn     5 1500000 0.9292 0.0058 0.8927  0.9511 0.0584 0.0000 0.9170
wthn_fix_wthn    6 1500000 0.0048 0.0005 0.0028  0.0077 0.0048 0.0000 0.0038
wthn_slp_varn    7 1500000 0.0013 0.0003 0.0002  0.0033 0.0031 0.0000 0.0007
wthn_sig_varn    8 1500000 0.9940 0.0006 0.9907  0.9961 0.0054 0.0000 0.9927
btwn_fix_btwn    9 1500000 0.0000 0.0000 0.0000  0.0000 0.0000 0.0000 0.0000
btwn_int_varn   10 1500000 1.0000 0.0000 1.0000  1.0000 0.0000 0.0000 1.0000
imputed_df      11 1500000 5.5000 2.8723 1.0000 10.0000 9.0000 0.0023 1.0000
               Q0.975
tot_fix_wthn   0.0054
tot_fix_btwn   0.0000
tot_slp_varn   0.0018
tot_int_varn   0.0774
tot_sig_varn   0.9397
wthn_fix_wthn  0.0058
wthn_slp_varn  0.0019
wthn_sig_varn  0.9951
btwn_fix_btwn  0.0000
btwn_int_varn  1.0000
imputed_df    10.0000
