              vars       n   mean     sd    min     max  range     se Q0.025
tot_fix_wthn     1 1500000 0.0045 0.0005 0.0026  0.0069 0.0043 0.0000 0.0036
tot_fix_btwn     2 1500000 0.0079 0.0028 0.0002  0.0253 0.0251 0.0000 0.0031
tot_slp_varn     3 1500000 0.0012 0.0003 0.0003  0.0031 0.0028 0.0000 0.0007
tot_int_varn     4 1500000 0.0576 0.0052 0.0394  0.0895 0.0501 0.0000 0.0483
tot_sig_varn     5 1500000 0.9288 0.0058 0.8965  0.9479 0.0514 0.0000 0.9165
wthn_fix_wthn    6 1500000 0.0048 0.0005 0.0028  0.0074 0.0046 0.0000 0.0038
wthn_slp_varn    7 1500000 0.0013 0.0003 0.0003  0.0034 0.0030 0.0000 0.0007
wthn_sig_varn    8 1500000 0.9939 0.0006 0.9902  0.9962 0.0059 0.0000 0.9926
btwn_fix_btwn    9 1500000 0.1203 0.0387 0.0033  0.3150 0.3117 0.0000 0.0504
btwn_int_varn   10 1500000 0.8797 0.0387 0.6850  0.9967 0.3117 0.0000 0.7993
imputed_df      11 1500000 5.5000 2.8723 1.0000 10.0000 9.0000 0.0023 1.0000
               Q0.975
tot_fix_wthn   0.0055
tot_fix_btwn   0.0141
tot_slp_varn   0.0018
tot_int_varn   0.0687
tot_sig_varn   0.9392
wthn_fix_wthn  0.0059
wthn_slp_varn  0.0020
wthn_sig_varn  0.9950
btwn_fix_btwn  0.2007
btwn_int_varn  0.9496
imputed_df    10.0000
