              vars       n   mean     sd    min     max  range     se Q0.025
tot_fix_wthn     1 1500000 0.0395 0.0032 0.0262  0.0545 0.0283 0.0000 0.0334
tot_fix_btwn     2 1500000 0.0000 0.0000 0.0000  0.0000 0.0000 0.0000 0.0000
tot_slp_varn     3 1500000 0.0057 0.0012 0.0018  0.0127 0.0110 0.0000 0.0036
tot_int_varn     4 1500000 0.3905 0.0223 0.2981  0.4944 0.1963 0.0000 0.3484
tot_sig_varn     5 1500000 0.5644 0.0208 0.4683  0.6472 0.1789 0.0000 0.5221
wthn_fix_wthn    6 1500000 0.0648 0.0046 0.0445  0.0870 0.0425 0.0000 0.0559
wthn_slp_varn    7 1500000 0.0093 0.0019 0.0030  0.0213 0.0183 0.0000 0.0060
wthn_sig_varn    8 1500000 0.9259 0.0048 0.9012  0.9457 0.0446 0.0000 0.9161
btwn_fix_btwn    9 1500000 0.0000 0.0000 0.0000  0.0000 0.0000 0.0000 0.0000
btwn_int_varn   10 1500000 1.0000 0.0000 1.0000  1.0000 0.0000 0.0000 1.0000
imputed_df      11 1500000 5.5000 2.8723 1.0000 10.0000 9.0000 0.0023 1.0000
               Q0.975
tot_fix_wthn   0.0459
tot_fix_btwn   0.0000
tot_slp_varn   0.0082
tot_int_varn   0.4359
tot_sig_varn   0.6037
wthn_fix_wthn  0.0738
wthn_slp_varn  0.0134
wthn_sig_varn  0.9351
btwn_fix_btwn  0.0000
btwn_int_varn  1.0000
imputed_df    10.0000
