              vars       n   mean     sd    min     max  range     se Q0.025
tot_fix_wthn     1 1500000 0.0045 0.0005 0.0026  0.0072 0.0046 0.0000 0.0036
tot_fix_btwn     2 1500000 0.0062 0.0025 0.0001  0.0245 0.0245 0.0000 0.0021
tot_slp_varn     3 1500000 0.0012 0.0003 0.0001  0.0028 0.0026 0.0000 0.0007
tot_int_varn     4 1500000 0.0597 0.0053 0.0417  0.0880 0.0463 0.0000 0.0501
tot_sig_varn     5 1500000 0.9284 0.0058 0.8969  0.9482 0.0513 0.0000 0.9163
wthn_fix_wthn    6 1500000 0.0048 0.0005 0.0028  0.0077 0.0050 0.0000 0.0039
wthn_slp_varn    7 1500000 0.0013 0.0003 0.0002  0.0030 0.0028 0.0000 0.0007
wthn_sig_varn    8 1500000 0.9939 0.0006 0.9908  0.9961 0.0053 0.0000 0.9926
btwn_fix_btwn    9 1500000 0.0934 0.0348 0.0009  0.2926 0.2918 0.0000 0.0332
btwn_int_varn   10 1500000 0.9066 0.0348 0.7074  0.9991 0.2918 0.0000 0.8322
imputed_df      11 1500000 5.5000 2.8723 1.0000 10.0000 9.0000 0.0023 1.0000
               Q0.975
tot_fix_wthn   0.0055
tot_fix_btwn   0.0117
tot_slp_varn   0.0018
tot_int_varn   0.0709
tot_sig_varn   0.9389
wthn_fix_wthn  0.0059
wthn_slp_varn  0.0019
wthn_sig_varn  0.9950
btwn_fix_btwn  0.1678
btwn_int_varn  0.9668
imputed_df    10.0000
