              vars       n   mean     sd    min     max  range     se Q0.025
tot_fix_wthn     1 1500000 0.0015 0.0002 0.0006  0.0027 0.0021 0.0000 0.0010
tot_fix_btwn     2 1500000 0.0083 0.0028 0.0001  0.0225 0.0224 0.0000 0.0035
tot_slp_varn     3 1500000 0.0007 0.0002 0.0001  0.0019 0.0018 0.0000 0.0003
tot_int_varn     4 1500000 0.0564 0.0050 0.0381  0.0823 0.0442 0.0000 0.0474
tot_sig_varn     5 1500000 0.9331 0.0057 0.9031  0.9541 0.0511 0.0000 0.9210
wthn_fix_wthn    6 1500000 0.0016 0.0003 0.0006  0.0029 0.0022 0.0000 0.0011
wthn_slp_varn    7 1500000 0.0007 0.0002 0.0001  0.0020 0.0019 0.0000 0.0003
wthn_sig_varn    8 1500000 0.9977 0.0003 0.9958  0.9988 0.0030 0.0000 0.9970
btwn_fix_btwn    9 1500000 0.1271 0.0383 0.0012  0.3076 0.3064 0.0000 0.0575
btwn_int_varn   10 1500000 0.8729 0.0383 0.6924  0.9988 0.3064 0.0000 0.7935
imputed_df      11 1500000 5.5000 2.8723 1.0000 10.0000 9.0000 0.0023 1.0000
               Q0.975
tot_fix_wthn   0.0020
tot_fix_btwn   0.0143
tot_slp_varn   0.0011
tot_int_varn   0.0670
tot_sig_varn   0.9434
wthn_fix_wthn  0.0021
wthn_slp_varn  0.0012
wthn_sig_varn  0.9983
btwn_fix_btwn  0.2065
btwn_int_varn  0.9425
imputed_df    10.0000
