              vars       n   mean     sd    min     max  range     se Q0.025
tot_fix_wthn     1 1500000 0.0047 0.0005 0.0027  0.0076 0.0048 0.0000 0.0038
tot_fix_btwn     2 1500000 0.0134 0.0034 0.0021  0.0334 0.0312 0.0000 0.0073
tot_slp_varn     3 1500000 0.0011 0.0003 0.0002  0.0029 0.0027 0.0000 0.0006
tot_int_varn     4 1500000 0.0525 0.0047 0.0360  0.0824 0.0464 0.0000 0.0439
tot_sig_varn     5 1500000 0.9284 0.0057 0.8942  0.9487 0.0546 0.0000 0.9165
wthn_fix_wthn    6 1500000 0.0050 0.0005 0.0029  0.0081 0.0052 0.0000 0.0040
wthn_slp_varn    7 1500000 0.0012 0.0003 0.0002  0.0031 0.0029 0.0000 0.0006
wthn_sig_varn    8 1500000 0.9938 0.0006 0.9901  0.9960 0.0059 0.0000 0.9926
btwn_fix_btwn    9 1500000 0.2020 0.0438 0.0328  0.3851 0.3523 0.0000 0.1182
btwn_int_varn   10 1500000 0.7980 0.0438 0.6149  0.9672 0.3523 0.0000 0.7107
imputed_df      11 1500000 5.5000 2.8723 1.0000 10.0000 9.0000 0.0023 1.0000
               Q0.975
tot_fix_wthn   0.0057
tot_fix_btwn   0.0205
tot_slp_varn   0.0017
tot_int_varn   0.0624
tot_sig_varn   0.9387
wthn_fix_wthn  0.0061
wthn_slp_varn  0.0018
wthn_sig_varn  0.9949
btwn_fix_btwn  0.2893
btwn_int_varn  0.8818
imputed_df    10.0000
