              vars       n   mean     sd    min     max  range     se Q0.025
tot_fix_wthn     1 1500000 0.0203 0.0023 0.0110  0.0331 0.0221 0.0000 0.0161
tot_fix_btwn     2 1500000 0.0629 0.0174 0.0075  0.1468 0.1393 0.0000 0.0317
tot_slp_varn     3 1500000 0.0051 0.0012 0.0015  0.0132 0.0117 0.0000 0.0031
tot_int_varn     4 1500000 0.3304 0.0216 0.2483  0.4322 0.1839 0.0000 0.2896
tot_sig_varn     5 1500000 0.5811 0.0213 0.4826  0.6628 0.1802 0.0000 0.5379
wthn_fix_wthn    6 1500000 0.0335 0.0035 0.0186  0.0511 0.0325 0.0000 0.0270
wthn_slp_varn    7 1500000 0.0085 0.0019 0.0025  0.0221 0.0196 0.0000 0.0052
wthn_sig_varn    8 1500000 0.9580 0.0040 0.9331  0.9732 0.0401 0.0000 0.9497
btwn_fix_btwn    9 1500000 0.1594 0.0410 0.0203  0.3283 0.3080 0.0000 0.0833
btwn_int_varn   10 1500000 0.8406 0.0410 0.6717  0.9797 0.3080 0.0000 0.7564
imputed_df      11 1500000 5.5000 2.8723 1.0000 10.0000 9.0000 0.0023 1.0000
               Q0.975
tot_fix_wthn   0.0250
tot_fix_btwn   0.0997
tot_slp_varn   0.0076
tot_int_varn   0.3743
tot_sig_varn   0.6216
wthn_fix_wthn  0.0406
wthn_slp_varn  0.0126
wthn_sig_varn  0.9654
btwn_fix_btwn  0.2436
btwn_int_varn  0.9167
imputed_df    10.0000
