              vars       n   mean     sd    min     max  range     se Q0.025
tot_fix_wthn     1 1500000 0.0389 0.0032 0.0262  0.0545 0.0283 0.0000 0.0329
tot_fix_btwn     2 1500000 0.0970 0.0195 0.0290  0.1897 0.1607 0.0000 0.0606
tot_slp_varn     3 1500000 0.0057 0.0012 0.0022  0.0127 0.0105 0.0000 0.0037
tot_int_varn     4 1500000 0.2937 0.0207 0.2152  0.3959 0.1807 0.0000 0.2553
tot_sig_varn     5 1500000 0.5647 0.0200 0.4738  0.6422 0.1684 0.0000 0.5244
wthn_fix_wthn    6 1500000 0.0638 0.0045 0.0428  0.0860 0.0432 0.0000 0.0551
wthn_slp_varn    7 1500000 0.0094 0.0019 0.0035  0.0213 0.0178 0.0000 0.0061
wthn_sig_varn    8 1500000 0.9268 0.0048 0.9002  0.9451 0.0449 0.0000 0.9171
btwn_fix_btwn    9 1500000 0.2476 0.0446 0.0813  0.4320 0.3507 0.0000 0.1609
btwn_int_varn   10 1500000 0.7524 0.0446 0.5680  0.9187 0.3507 0.0000 0.6651
imputed_df      11 1500000 5.5000 2.8723 1.0000 10.0000 9.0000 0.0023 1.0000
               Q0.975
tot_fix_wthn   0.0453
tot_fix_btwn   0.1369
tot_slp_varn   0.0082
tot_int_varn   0.3365
tot_sig_varn   0.6028
wthn_fix_wthn  0.0728
wthn_slp_varn  0.0134
wthn_sig_varn  0.9358
btwn_fix_btwn  0.3349
btwn_int_varn  0.8391
imputed_df    10.0000
