              vars       n   mean     sd    min     max  range     se Q0.025
tot_fix_wthn     1 1500000 0.0389 0.0032 0.0243  0.0541 0.0298 0.0000 0.0329
tot_fix_btwn     2 1500000 0.1014 0.0203 0.0283  0.2220 0.1937 0.0000 0.0635
tot_slp_varn     3 1500000 0.0055 0.0012 0.0018  0.0132 0.0115 0.0000 0.0035
tot_int_varn     4 1500000 0.2923 0.0206 0.2182  0.4050 0.1868 0.0000 0.2539
tot_sig_varn     5 1500000 0.5619 0.0202 0.4592  0.6373 0.1781 0.0000 0.5206
wthn_fix_wthn    6 1500000 0.0642 0.0045 0.0421  0.0848 0.0427 0.0000 0.0555
wthn_slp_varn    7 1500000 0.0091 0.0019 0.0029  0.0213 0.0183 0.0000 0.0058
wthn_sig_varn    8 1500000 0.9267 0.0048 0.9018  0.9457 0.0439 0.0000 0.9170
btwn_fix_btwn    9 1500000 0.2568 0.0456 0.0720  0.4474 0.3754 0.0000 0.1682
btwn_int_varn   10 1500000 0.7432 0.0456 0.5526  0.9280 0.3754 0.0000 0.6544
imputed_df      11 1500000 5.5000 2.8723 1.0000 10.0000 9.0000 0.0023 1.0000
               Q0.975
tot_fix_wthn   0.0453
tot_fix_btwn   0.1429
tot_slp_varn   0.0080
tot_int_varn   0.3345
tot_sig_varn   0.6000
wthn_fix_wthn  0.0732
wthn_slp_varn  0.0132
wthn_sig_varn  0.9357
btwn_fix_btwn  0.3456
btwn_int_varn  0.8318
imputed_df    10.0000
