              vars       n   mean     sd    min     max  range     se Q0.025
tot_fix_wthn     1 1500000 0.0199 0.0023 0.0109  0.0320 0.0210 0.0000 0.0157
tot_fix_btwn     2 1500000 0.0707 0.0177 0.0112  0.1654 0.1542 0.0000 0.0384
tot_slp_varn     3 1500000 0.0052 0.0012 0.0012  0.0132 0.0120 0.0000 0.0032
tot_int_varn     4 1500000 0.3281 0.0215 0.2473  0.4306 0.1834 0.0000 0.2878
tot_sig_varn     5 1500000 0.5760 0.0216 0.4645  0.6687 0.2041 0.0000 0.5318
wthn_fix_wthn    6 1500000 0.0331 0.0035 0.0196  0.0514 0.0318 0.0000 0.0265
wthn_slp_varn    7 1500000 0.0087 0.0019 0.0020  0.0213 0.0193 0.0000 0.0054
wthn_sig_varn    8 1500000 0.9582 0.0041 0.9360  0.9728 0.0369 0.0000 0.9497
btwn_fix_btwn    9 1500000 0.1768 0.0407 0.0322  0.3537 0.3214 0.0000 0.0996
btwn_int_varn   10 1500000 0.8232 0.0407 0.6463  0.9678 0.3214 0.0000 0.7415
imputed_df      11 1500000 5.5000 2.8723 1.0000 10.0000 9.0000 0.0023 1.0000
               Q0.975
tot_fix_wthn   0.0245
tot_fix_btwn   0.1073
tot_slp_varn   0.0078
tot_int_varn   0.3722
tot_sig_varn   0.6170
wthn_fix_wthn  0.0402
wthn_slp_varn  0.0129
wthn_sig_varn  0.9656
btwn_fix_btwn  0.2585
btwn_int_varn  0.9004
imputed_df    10.0000
