              vars       n   mean     sd    min     max  range     se Q0.025
tot_fix_wthn     1 1500000 0.0045 0.0005 0.0026  0.0069 0.0043 0.0000 0.0036
tot_fix_btwn     2 1500000 0.0130 0.0034 0.0023  0.0317 0.0294 0.0000 0.0070
tot_slp_varn     3 1500000 0.0012 0.0003 0.0003  0.0029 0.0026 0.0000 0.0007
tot_int_varn     4 1500000 0.0524 0.0048 0.0360  0.0781 0.0421 0.0000 0.0438
tot_sig_varn     5 1500000 0.9288 0.0057 0.9009  0.9474 0.0465 0.0000 0.9167
wthn_fix_wthn    6 1500000 0.0048 0.0005 0.0028  0.0074 0.0046 0.0000 0.0039
wthn_slp_varn    7 1500000 0.0013 0.0003 0.0003  0.0031 0.0028 0.0000 0.0007
wthn_sig_varn    8 1500000 0.9939 0.0006 0.9906  0.9962 0.0056 0.0000 0.9926
btwn_fix_btwn    9 1500000 0.1982 0.0445 0.0355  0.3908 0.3553 0.0000 0.1136
btwn_int_varn   10 1500000 0.8018 0.0445 0.6092  0.9645 0.3553 0.0000 0.7123
imputed_df      11 1500000 5.5000 2.8723 1.0000 10.0000 9.0000 0.0023 1.0000
               Q0.975
tot_fix_wthn   0.0055
tot_fix_btwn   0.0204
tot_slp_varn   0.0018
tot_int_varn   0.0625
tot_sig_varn   0.9391
wthn_fix_wthn  0.0059
wthn_slp_varn  0.0020
wthn_sig_varn  0.9950
btwn_fix_btwn  0.2877
btwn_int_varn  0.8864
imputed_df    10.0000
