              vars       n   mean     sd    min     max  range     se Q0.025
tot_fix_wthn     1 1500000 0.0388 0.0032 0.0257  0.0551 0.0294 0.0000 0.0328
tot_fix_btwn     2 1500000 0.0498 0.0158 0.0022  0.1390 0.1368 0.0000 0.0219
tot_slp_varn     3 1500000 0.0056 0.0012 0.0018  0.0128 0.0111 0.0000 0.0036
tot_int_varn     4 1500000 0.3434 0.0219 0.2468  0.4459 0.1991 0.0000 0.3023
tot_sig_varn     5 1500000 0.5624 0.0205 0.4674  0.6449 0.1775 0.0000 0.5211
wthn_fix_wthn    6 1500000 0.0639 0.0045 0.0434  0.0881 0.0447 0.0000 0.0552
wthn_slp_varn    7 1500000 0.0093 0.0019 0.0029  0.0212 0.0183 0.0000 0.0060
wthn_sig_varn    8 1500000 0.9268 0.0048 0.9001  0.9463 0.0462 0.0000 0.9171
btwn_fix_btwn    9 1500000 0.1261 0.0379 0.0053  0.3142 0.3090 0.0000 0.0571
btwn_int_varn   10 1500000 0.8739 0.0379 0.6858  0.9947 0.3090 0.0000 0.7950
imputed_df      11 1500000 5.5000 2.8723 1.0000 10.0000 9.0000 0.0023 1.0000
               Q0.975
tot_fix_wthn   0.0452
tot_fix_btwn   0.0835
tot_slp_varn   0.0081
tot_int_varn   0.3881
tot_sig_varn   0.6012
wthn_fix_wthn  0.0729
wthn_slp_varn  0.0133
wthn_sig_varn  0.9358
btwn_fix_btwn  0.2050
btwn_int_varn  0.9429
imputed_df    10.0000
