              vars       n   mean     sd    min     max  range     se Q0.025
tot_fix_wthn     1 1500000 0.0014 0.0002 0.0006  0.0028 0.0022 0.0000 0.0010
tot_fix_btwn     2 1500000 0.0058 0.0022 0.0001  0.0185 0.0184 0.0000 0.0021
tot_slp_varn     3 1500000 0.0007 0.0002 0.0001  0.0019 0.0018 0.0000 0.0004
tot_int_varn     4 1500000 0.0567 0.0051 0.0377  0.0845 0.0468 0.0000 0.0474
tot_sig_varn     5 1500000 0.9354 0.0054 0.9022  0.9537 0.0515 0.0000 0.9241
wthn_fix_wthn    6 1500000 0.0015 0.0003 0.0006  0.0030 0.0024 0.0000 0.0011
wthn_slp_varn    7 1500000 0.0008 0.0002 0.0001  0.0020 0.0019 0.0000 0.0004
wthn_sig_varn    8 1500000 0.9977 0.0003 0.9957  0.9988 0.0032 0.0000 0.9970
btwn_fix_btwn    9 1500000 0.0921 0.0334 0.0015  0.2520 0.2505 0.0000 0.0341
btwn_int_varn   10 1500000 0.9079 0.0334 0.7480  0.9985 0.2505 0.0000 0.8362
imputed_df      11 1500000 5.5000 2.8723 1.0000 10.0000 9.0000 0.0023 1.0000
               Q0.975
tot_fix_wthn   0.0019
tot_fix_btwn   0.0107
tot_slp_varn   0.0012
tot_int_varn   0.0675
tot_sig_varn   0.9451
wthn_fix_wthn  0.0020
wthn_slp_varn  0.0013
wthn_sig_varn  0.9983
btwn_fix_btwn  0.1638
btwn_int_varn  0.9659
imputed_df    10.0000
