              vars       n   mean     sd    min     max  range     se Q0.025
tot_fix_wthn     1 1500000 0.0014 0.0002 0.0006  0.0027 0.0021 0.0000 0.0010
tot_fix_btwn     2 1500000 0.0061 0.0023 0.0002  0.0196 0.0194 0.0000 0.0023
tot_slp_varn     3 1500000 0.0007 0.0002 0.0001  0.0018 0.0017 0.0000 0.0004
tot_int_varn     4 1500000 0.0566 0.0051 0.0386  0.0839 0.0453 0.0000 0.0475
tot_sig_varn     5 1500000 0.9351 0.0054 0.9056  0.9539 0.0483 0.0000 0.9238
wthn_fix_wthn    6 1500000 0.0015 0.0003 0.0006  0.0029 0.0023 0.0000 0.0011
wthn_slp_varn    7 1500000 0.0008 0.0002 0.0001  0.0020 0.0019 0.0000 0.0004
wthn_sig_varn    8 1500000 0.9977 0.0003 0.9960  0.9988 0.0028 0.0000 0.9970
btwn_fix_btwn    9 1500000 0.0965 0.0340 0.0032  0.2774 0.2742 0.0000 0.0370
btwn_int_varn   10 1500000 0.9035 0.0340 0.7226  0.9968 0.2742 0.0000 0.8312
imputed_df      11 1500000 5.5000 2.8723 1.0000 10.0000 9.0000 0.0023 1.0000
               Q0.975
tot_fix_wthn   0.0019
tot_fix_btwn   0.0110
tot_slp_varn   0.0012
tot_int_varn   0.0675
tot_sig_varn   0.9448
wthn_fix_wthn  0.0021
wthn_slp_varn  0.0013
wthn_sig_varn  0.9983
btwn_fix_btwn  0.1688
btwn_int_varn  0.9630
imputed_df    10.0000
