              vars     n   mean     sd    min    max  range    se Q0.025 Q0.975
tot_fix_wthn     1 15000 0.0049 0.0012 0.0014 0.0119 0.0105 0e+00 0.0028 0.0074
tot_fix_btwn     2 15000 0.0255 0.0094 0.0005 0.0679 0.0675 1e-04 0.0095 0.0461
tot_slp_varn     3 15000 0.0052 0.0011 0.0016 0.0117 0.0100 0e+00 0.0032 0.0077
tot_int_varn     4 15000 0.1140 0.0134 0.0737 0.1827 0.1089 1e-04 0.0907 0.1430
tot_sig_varn     5 15000 0.8504 0.0152 0.7673 0.8954 0.1281 1e-04 0.8181 0.8778
wthn_fix_wthn    6 15000 0.0057 0.0014 0.0017 0.0134 0.0118 0e+00 0.0032 0.0086
wthn_slp_varn    7 15000 0.0060 0.0013 0.0020 0.0140 0.0121 0e+00 0.0038 0.0090
wthn_sig_varn    8 15000 0.9883 0.0019 0.9777 0.9950 0.0174 0e+00 0.9842 0.9916
btwn_fix_btwn    9 15000 0.1816 0.0587 0.0029 0.4298 0.4269 5e-04 0.0717 0.3009
btwn_int_varn   10 15000 0.8184 0.0587 0.5702 0.9971 0.4269 5e-04 0.6991 0.9283
