              vars     n   mean     sd    min    max  range    se Q0.025 Q0.975
tot_fix_wthn     1 15000 0.0049 0.0012 0.0006 0.0111 0.0106 0e+00 0.0028 0.0074
tot_fix_btwn     2 15000 0.0029 0.0031 0.0000 0.0273 0.0273 0e+00 0.0000 0.0112
tot_slp_varn     3 15000 0.0051 0.0011 0.0014 0.0114 0.0100 0e+00 0.0032 0.0076
tot_int_varn     4 15000 0.1408 0.0159 0.0919 0.2094 0.1176 1e-04 0.1125 0.1744
tot_sig_varn     5 15000 0.8463 0.0162 0.7738 0.8969 0.1231 1e-04 0.8118 0.8751
wthn_fix_wthn    6 15000 0.0057 0.0014 0.0007 0.0130 0.0123 0e+00 0.0033 0.0086
wthn_slp_varn    7 15000 0.0060 0.0013 0.0017 0.0131 0.0115 0e+00 0.0038 0.0089
wthn_sig_varn    8 15000 0.9883 0.0019 0.9794 0.9939 0.0145 0e+00 0.9842 0.9916
btwn_fix_btwn    9 15000 0.0198 0.0208 0.0000 0.1635 0.1635 2e-04 0.0000 0.0749
btwn_int_varn   10 15000 0.9802 0.0208 0.8365 1.0000 0.1635 2e-04 0.9251 1.0000
