              vars     n   mean     sd    min    max  range    se Q0.025 Q0.975
tot_fix_wthn     1 15000 0.0657 0.0082 0.0372 0.1026 0.0653 1e-04 0.0504 0.0823
tot_fix_btwn     2 15000 0.1457 0.0323 0.0360 0.2728 0.2367 3e-04 0.0852 0.2112
tot_slp_varn     3 15000 0.0215 0.0039 0.0100 0.0410 0.0310 0e+00 0.0150 0.0301
tot_int_varn     4 15000 0.3060 0.0304 0.2068 0.4605 0.2537 2e-04 0.2512 0.3717
tot_sig_varn     5 15000 0.4611 0.0253 0.3641 0.5506 0.1865 2e-04 0.4095 0.5095
wthn_fix_wthn    6 15000 0.1197 0.0126 0.0723 0.1773 0.1050 1e-04 0.0955 0.1446
wthn_slp_varn    7 15000 0.0393 0.0067 0.0185 0.0765 0.0580 1e-04 0.0280 0.0540
wthn_sig_varn    8 15000 0.8410 0.0135 0.7704 0.8866 0.1162 1e-04 0.8129 0.8661
btwn_fix_btwn    9 15000 0.3214 0.0626 0.0904 0.5395 0.4491 5e-04 0.1979 0.4400
btwn_int_varn   10 15000 0.6786 0.0626 0.4605 0.9096 0.4491 5e-04 0.5600 0.8021
