              vars     n   mean     sd    min    max  range    se Q0.025 Q0.975
tot_fix_wthn     1 15000 0.0288 0.0048 0.0143 0.0485 0.0342 0e+00 0.0200 0.0387
tot_fix_btwn     2 15000 0.0703 0.0270 0.0006 0.1903 0.1897 2e-04 0.0226 0.1281
tot_slp_varn     3 15000 0.0143 0.0029 0.0063 0.0325 0.0262 0e+00 0.0093 0.0206
tot_int_varn     4 15000 0.3912 0.0337 0.2836 0.5322 0.2486 3e-04 0.3294 0.4611
tot_sig_varn     5 15000 0.4954 0.0300 0.3730 0.5901 0.2171 2e-04 0.4349 0.5521
wthn_fix_wthn    6 15000 0.0534 0.0080 0.0261 0.0932 0.0671 1e-04 0.0383 0.0694
wthn_slp_varn    7 15000 0.0265 0.0051 0.0114 0.0579 0.0464 0e+00 0.0177 0.0378
wthn_sig_varn    8 15000 0.9201 0.0091 0.8769 0.9482 0.0714 1e-04 0.9011 0.9364
btwn_fix_btwn    9 15000 0.1516 0.0549 0.0012 0.3869 0.3857 4e-04 0.0518 0.2632
btwn_int_varn   10 15000 0.8484 0.0549 0.6131 0.9988 0.3857 4e-04 0.7368 0.9482
