              vars     n   mean     sd    min    max  range    se Q0.025 Q0.975
tot_fix_wthn     1 15000 0.0652 0.0083 0.0371 0.1018 0.0647 1e-04 0.0497 0.0827
tot_fix_btwn     2 15000 0.0856 0.0283 0.0081 0.1976 0.1895 2e-04 0.0352 0.1449
tot_slp_varn     3 15000 0.0213 0.0039 0.0101 0.0437 0.0336 0e+00 0.0147 0.0298
tot_int_varn     4 15000 0.3685 0.0324 0.2636 0.5122 0.2486 3e-04 0.3084 0.4349
tot_sig_varn     5 15000 0.4595 0.0274 0.3596 0.5648 0.2052 2e-04 0.4053 0.5120
wthn_fix_wthn    6 15000 0.1193 0.0128 0.0761 0.1779 0.1018 1e-04 0.0945 0.1448
wthn_slp_varn    7 15000 0.0391 0.0066 0.0200 0.0734 0.0534 1e-04 0.0275 0.0534
wthn_sig_varn    8 15000 0.8416 0.0135 0.7867 0.8864 0.0997 1e-04 0.8138 0.8666
btwn_fix_btwn    9 15000 0.1875 0.0573 0.0186 0.4012 0.3826 5e-04 0.0811 0.3037
btwn_int_varn   10 15000 0.8125 0.0573 0.5988 0.9814 0.3826 5e-04 0.6963 0.9189
