              vars     n   mean     sd    min    max  range    se Q0.025 Q0.975
tot_fix_wthn     1 15000 0.0653 0.0082 0.0372 0.1010 0.0638 1e-04 0.0499 0.0821
tot_fix_btwn     2 15000 0.0707 0.0281 0.0017 0.1899 0.1883 2e-04 0.0226 0.1318
tot_slp_varn     3 15000 0.0214 0.0038 0.0108 0.0441 0.0333 0e+00 0.0148 0.0298
tot_int_varn     4 15000 0.3852 0.0326 0.2784 0.5055 0.2271 3e-04 0.3250 0.4535
tot_sig_varn     5 15000 0.4574 0.0273 0.3282 0.5652 0.2370 2e-04 0.4022 0.5097
wthn_fix_wthn    6 15000 0.1200 0.0124 0.0732 0.1715 0.0983 1e-04 0.0962 0.1449
wthn_slp_varn    7 15000 0.0393 0.0066 0.0203 0.0771 0.0568 1e-04 0.0280 0.0539
wthn_sig_varn    8 15000 0.8407 0.0133 0.7866 0.8880 0.1014 1e-04 0.8135 0.8656
btwn_fix_btwn    9 15000 0.1540 0.0572 0.0036 0.3609 0.3573 5e-04 0.0516 0.2721
btwn_int_varn   10 15000 0.8460 0.0572 0.6391 0.9964 0.3573 5e-04 0.7279 0.9484
