              vars     n   mean     sd    min    max  range    se Q0.025 Q0.975
tot_fix_wthn     1 15000 0.0131 0.0020 0.0058 0.0240 0.0182 0e+00 0.0093 0.0172
tot_fix_btwn     2 15000 0.0374 0.0106 0.0074 0.0818 0.0745 1e-04 0.0188 0.0600
tot_slp_varn     3 15000 0.0066 0.0013 0.0027 0.0137 0.0111 0e+00 0.0044 0.0096
tot_int_varn     4 15000 0.1068 0.0127 0.0700 0.1651 0.0951 1e-04 0.0847 0.1344
tot_sig_varn     5 15000 0.8361 0.0153 0.7658 0.8829 0.1171 1e-04 0.8038 0.8637
wthn_fix_wthn    6 15000 0.0153 0.0023 0.0069 0.0272 0.0203 0e+00 0.0109 0.0200
wthn_slp_varn    7 15000 0.0078 0.0015 0.0031 0.0165 0.0135 0e+00 0.0051 0.0112
wthn_sig_varn    8 15000 0.9770 0.0027 0.9654 0.9865 0.0212 0e+00 0.9711 0.9819
btwn_fix_btwn    9 15000 0.2578 0.0607 0.0515 0.4704 0.4189 5e-04 0.1408 0.3762
btwn_int_varn   10 15000 0.7422 0.0607 0.5296 0.9485 0.4189 5e-04 0.6238 0.8592
