              vars     n   mean     sd    min    max  range    se Q0.025 Q0.975
tot_fix_wthn     1 15000 0.0134 0.0020 0.0068 0.0258 0.0190 0e+00 0.0096 0.0176
tot_fix_btwn     2 15000 0.0507 0.0116 0.0129 0.1012 0.0883 1e-04 0.0292 0.0745
tot_slp_varn     3 15000 0.0065 0.0013 0.0031 0.0142 0.0111 0e+00 0.0043 0.0093
tot_int_varn     4 15000 0.0941 0.0116 0.0587 0.1474 0.0887 1e-04 0.0738 0.1194
tot_sig_varn     5 15000 0.8353 0.0151 0.7637 0.8810 0.1173 1e-04 0.8029 0.8627
wthn_fix_wthn    6 15000 0.0156 0.0024 0.0079 0.0304 0.0225 0e+00 0.0113 0.0206
wthn_slp_varn    7 15000 0.0076 0.0015 0.0036 0.0162 0.0126 0e+00 0.0050 0.0109
wthn_sig_varn    8 15000 0.9768 0.0028 0.9578 0.9853 0.0276 0e+00 0.9707 0.9817
btwn_fix_btwn    9 15000 0.3482 0.0623 0.0975 0.5448 0.4473 5e-04 0.2212 0.4641
btwn_int_varn   10 15000 0.6518 0.0623 0.4552 0.9025 0.4473 5e-04 0.5359 0.7788
