              vars     n   mean     sd    min    max  range    se Q0.025 Q0.975
tot_fix_wthn     1 15000 0.0277 0.0046 0.0127 0.0487 0.0360 0e+00 0.0192 0.0374
tot_fix_btwn     2 15000 0.0760 0.0277 0.0073 0.2040 0.1967 2e-04 0.0282 0.1353
tot_slp_varn     3 15000 0.0145 0.0029 0.0066 0.0322 0.0256 0e+00 0.0096 0.0210
tot_int_varn     4 15000 0.3912 0.0330 0.2909 0.5265 0.2356 3e-04 0.3298 0.4588
tot_sig_varn     5 15000 0.4906 0.0307 0.3776 0.6196 0.2420 3e-04 0.4303 0.5498
wthn_fix_wthn    6 15000 0.0520 0.0079 0.0244 0.0864 0.0620 1e-04 0.0373 0.0681
wthn_slp_varn    7 15000 0.0272 0.0052 0.0125 0.0545 0.0420 0e+00 0.0183 0.0386
wthn_sig_varn    8 15000 0.9208 0.0090 0.8797 0.9469 0.0672 1e-04 0.9019 0.9369
btwn_fix_btwn    9 15000 0.1616 0.0549 0.0166 0.3943 0.3777 4e-04 0.0629 0.2755
btwn_int_varn   10 15000 0.8384 0.0549 0.6057 0.9834 0.3777 4e-04 0.7245 0.9371
