              vars     n   mean     sd    min    max  range    se Q0.025 Q0.975
tot_fix_wthn     1 15000 0.0048 0.0012 0.0011 0.0101 0.0090 0e+00 0.0028 0.0073
tot_fix_btwn     2 15000 0.0000 0.0000 0.0000 0.0000 0.0000 0e+00 0.0000 0.0000
tot_slp_varn     3 15000 0.0051 0.0011 0.0019 0.0111 0.0093 0e+00 0.0032 0.0076
tot_int_varn     4 15000 0.1418 0.0157 0.0956 0.2264 0.1307 1e-04 0.1138 0.1754
tot_sig_varn     5 15000 0.8483 0.0157 0.7649 0.8944 0.1295 1e-04 0.8146 0.8764
wthn_fix_wthn    6 15000 0.0056 0.0014 0.0013 0.0115 0.0102 0e+00 0.0032 0.0085
wthn_slp_varn    7 15000 0.0060 0.0013 0.0021 0.0132 0.0111 0e+00 0.0037 0.0088
wthn_sig_varn    8 15000 0.9884 0.0019 0.9792 0.9938 0.0145 0e+00 0.9843 0.9916
btwn_fix_btwn    9 15000 0.0000 0.0000 0.0000 0.0000 0.0000 0e+00 0.0000 0.0000
btwn_int_varn   10 15000 1.0000 0.0000 1.0000 1.0000 0.0000 0e+00 1.0000 1.0000
