              vars     n   mean     sd    min    max  range    se Q0.025 Q0.975
tot_fix_wthn     1 15000 0.0283 0.0047 0.0137 0.0485 0.0347 0e+00 0.0198 0.0382
tot_fix_btwn     2 15000 0.0000 0.0000 0.0000 0.0000 0.0000 0e+00 0.0000 0.0000
tot_slp_varn     3 15000 0.0147 0.0029 0.0057 0.0318 0.0262 0e+00 0.0097 0.0212
tot_int_varn     4 15000 0.4569 0.0317 0.3504 0.5835 0.2331 3e-04 0.3975 0.5223
tot_sig_varn     5 15000 0.5001 0.0294 0.3826 0.6025 0.2199 2e-04 0.4397 0.5547
wthn_fix_wthn    6 15000 0.0520 0.0079 0.0238 0.0859 0.0622 1e-04 0.0372 0.0683
wthn_slp_varn    7 15000 0.0271 0.0052 0.0105 0.0575 0.0469 0e+00 0.0181 0.0384
wthn_sig_varn    8 15000 0.9209 0.0090 0.8796 0.9481 0.0685 1e-04 0.9020 0.9372
btwn_fix_btwn    9 15000 0.0000 0.0000 0.0000 0.0000 0.0000 0e+00 0.0000 0.0000
btwn_int_varn   10 15000 1.0000 0.0000 1.0000 1.0000 0.0000 0e+00 1.0000 1.0000
