              vars     n   mean     sd    min    max  range    se Q0.025 Q0.975
tot_fix_wthn     1 15000 0.0131 0.0020 0.0056 0.0226 0.0170 0e+00 0.0093 0.0172
tot_fix_btwn     2 15000 0.0489 0.0113 0.0152 0.0981 0.0829 1e-04 0.0284 0.0726
tot_slp_varn     3 15000 0.0067 0.0013 0.0030 0.0134 0.0105 0e+00 0.0045 0.0095
tot_int_varn     4 15000 0.0944 0.0115 0.0605 0.1544 0.0940 1e-04 0.0747 0.1194
tot_sig_varn     5 15000 0.8370 0.0146 0.7710 0.8827 0.1117 1e-04 0.8057 0.8634
wthn_fix_wthn    6 15000 0.0153 0.0023 0.0062 0.0262 0.0200 0e+00 0.0109 0.0200
wthn_slp_varn    7 15000 0.0078 0.0015 0.0035 0.0156 0.0121 0e+00 0.0052 0.0111
wthn_sig_varn    8 15000 0.9770 0.0027 0.9640 0.9862 0.0222 0e+00 0.9711 0.9819
btwn_fix_btwn    9 15000 0.3398 0.0618 0.1175 0.5535 0.4359 5e-04 0.2162 0.4568
btwn_int_varn   10 15000 0.6602 0.0618 0.4465 0.8825 0.4359 5e-04 0.5432 0.7838
