              vars     n   mean     sd    min    max  range    se Q0.025 Q0.975
tot_fix_wthn     1 15000 0.0049 0.0012 0.0012 0.0100 0.0088 0e+00 0.0027 0.0074
tot_fix_btwn     2 15000 0.0280 0.0095 0.0024 0.0769 0.0745 1e-04 0.0117 0.0483
tot_slp_varn     3 15000 0.0052 0.0011 0.0020 0.0119 0.0099 0e+00 0.0033 0.0077
tot_int_varn     4 15000 0.1136 0.0135 0.0715 0.1811 0.1096 1e-04 0.0895 0.1421
tot_sig_varn     5 15000 0.8483 0.0151 0.7783 0.8936 0.1153 1e-04 0.8162 0.8749
wthn_fix_wthn    6 15000 0.0057 0.0014 0.0014 0.0118 0.0104 0e+00 0.0032 0.0086
wthn_slp_varn    7 15000 0.0060 0.0013 0.0024 0.0138 0.0114 0e+00 0.0038 0.0090
wthn_sig_varn    8 15000 0.9883 0.0019 0.9788 0.9939 0.0151 0e+00 0.9841 0.9916
btwn_fix_btwn    9 15000 0.1968 0.0589 0.0178 0.4242 0.4064 5e-04 0.0871 0.3153
btwn_int_varn   10 15000 0.8032 0.0589 0.5758 0.9822 0.4064 5e-04 0.6847 0.9129
