              vars     n   mean     sd    min    max  range    se Q0.025 Q0.975
tot_fix_wthn     1 15000 0.0054 0.0012 0.0016 0.0113 0.0096 0e+00 0.0033 0.0080
tot_fix_btwn     2 15000 0.0316 0.0103 0.0054 0.0807 0.0753 1e-04 0.0140 0.0541
tot_slp_varn     3 15000 0.0046 0.0011 0.0015 0.0130 0.0115 0e+00 0.0028 0.0069
tot_int_varn     4 15000 0.1127 0.0135 0.0730 0.1786 0.1056 1e-04 0.0891 0.1418
tot_sig_varn     5 15000 0.8456 0.0161 0.7652 0.8934 0.1282 1e-04 0.8109 0.8739
wthn_fix_wthn    6 15000 0.0063 0.0014 0.0019 0.0129 0.0110 0e+00 0.0038 0.0093
wthn_slp_varn    7 15000 0.0054 0.0012 0.0017 0.0148 0.0131 0e+00 0.0033 0.0081
wthn_sig_varn    8 15000 0.9883 0.0019 0.9796 0.9938 0.0143 0e+00 0.9843 0.9916
btwn_fix_btwn    9 15000 0.2175 0.0600 0.0373 0.4251 0.3877 5e-04 0.1038 0.3365
btwn_int_varn   10 15000 0.7825 0.0600 0.5749 0.9627 0.3877 5e-04 0.6635 0.8962
