              vars     n   mean     sd    min    max  range    se Q0.025 Q0.975
tot_fix_wthn     1 15000 0.0671 0.0079 0.0359 0.1016 0.0657 1e-04 0.0522 0.0831
tot_fix_btwn     2 15000 0.1476 0.0325 0.0385 0.2608 0.2223 3e-04 0.0867 0.2132
tot_slp_varn     3 15000 0.0196 0.0036 0.0083 0.0371 0.0288 0e+00 0.0133 0.0276
tot_int_varn     4 15000 0.3065 0.0300 0.2103 0.4452 0.2350 2e-04 0.2514 0.3699
tot_sig_varn     5 15000 0.4593 0.0260 0.3562 0.5611 0.2050 2e-04 0.4065 0.5089
wthn_fix_wthn    6 15000 0.1229 0.0122 0.0730 0.1728 0.0997 1e-04 0.0997 0.1468
wthn_slp_varn    7 15000 0.0358 0.0063 0.0156 0.0698 0.0542 1e-04 0.0250 0.0494
wthn_sig_varn    8 15000 0.8413 0.0129 0.7866 0.8848 0.0982 1e-04 0.8149 0.8654
btwn_fix_btwn    9 15000 0.3238 0.0620 0.0896 0.5419 0.4523 5e-04 0.1997 0.4414
btwn_int_varn   10 15000 0.6762 0.0620 0.4581 0.9104 0.4523 5e-04 0.5586 0.8003
