              vars     n   mean     sd    min    max  range    se Q0.025 Q0.975
tot_fix_wthn     1 15000 0.0130 0.0020 0.0062 0.0212 0.0150 0e+00 0.0093 0.0172
tot_fix_btwn     2 15000 0.0270 0.0092 0.0018 0.0718 0.0700 1e-04 0.0110 0.0470
tot_slp_varn     3 15000 0.0067 0.0013 0.0029 0.0132 0.0103 0e+00 0.0044 0.0096
tot_int_varn     4 15000 0.1148 0.0135 0.0693 0.1898 0.1206 1e-04 0.0908 0.1434
tot_sig_varn     5 15000 0.8385 0.0150 0.7728 0.8879 0.1150 1e-04 0.8070 0.8651
wthn_fix_wthn    6 15000 0.0151 0.0023 0.0073 0.0246 0.0173 0e+00 0.0108 0.0200
wthn_slp_varn    7 15000 0.0078 0.0015 0.0034 0.0151 0.0117 0e+00 0.0052 0.0112
wthn_sig_varn    8 15000 0.9771 0.0028 0.9648 0.9848 0.0200 0e+00 0.9712 0.9820
btwn_fix_btwn    9 15000 0.1894 0.0574 0.0137 0.4187 0.4050 5e-04 0.0829 0.3064
btwn_int_varn   10 15000 0.8106 0.0574 0.5813 0.9863 0.4050 5e-04 0.6936 0.9171
