              vars     n   mean     sd    min    max  range    se Q0.025 Q0.975
tot_fix_wthn     1 15000 0.0277 0.0047 0.0115 0.0507 0.0393 0e+00 0.0192 0.0375
tot_fix_btwn     2 15000 0.0825 0.0275 0.0008 0.2051 0.2044 2e-04 0.0339 0.1397
tot_slp_varn     3 15000 0.0145 0.0029 0.0067 0.0324 0.0257 0e+00 0.0095 0.0211
tot_int_varn     4 15000 0.3845 0.0319 0.2828 0.5350 0.2523 3e-04 0.3267 0.4501
tot_sig_varn     5 15000 0.4907 0.0298 0.3581 0.5929 0.2348 2e-04 0.4308 0.5476
wthn_fix_wthn    6 15000 0.0520 0.0079 0.0228 0.0858 0.0630 1e-04 0.0371 0.0684
wthn_slp_varn    7 15000 0.0272 0.0053 0.0125 0.0554 0.0429 0e+00 0.0182 0.0389
wthn_sig_varn    8 15000 0.9207 0.0090 0.8786 0.9513 0.0727 1e-04 0.9019 0.9371
btwn_fix_btwn    9 15000 0.1758 0.0541 0.0017 0.3856 0.3839 4e-04 0.0752 0.2831
btwn_int_varn   10 15000 0.8242 0.0541 0.6144 0.9983 0.3839 4e-04 0.7169 0.9248
