              vars     n   mean     sd    min    max  range    se Q0.025 Q0.975
tot_fix_wthn     1 15000 0.0129 0.0020 0.0061 0.0208 0.0147 0e+00 0.0091 0.0170
tot_fix_btwn     2 15000 0.0000 0.0000 0.0000 0.0000 0.0000 0e+00 0.0000 0.0000
tot_slp_varn     3 15000 0.0067 0.0013 0.0032 0.0147 0.0115 0e+00 0.0044 0.0096
tot_int_varn     4 15000 0.1435 0.0162 0.0902 0.2166 0.1264 1e-04 0.1145 0.1775
tot_sig_varn     5 15000 0.8370 0.0160 0.7674 0.8912 0.1237 1e-04 0.8037 0.8654
wthn_fix_wthn    6 15000 0.0150 0.0023 0.0070 0.0242 0.0172 0e+00 0.0107 0.0198
wthn_slp_varn    7 15000 0.0078 0.0015 0.0038 0.0170 0.0132 0e+00 0.0052 0.0112
wthn_sig_varn    8 15000 0.9772 0.0027 0.9641 0.9859 0.0219 0e+00 0.9714 0.9821
btwn_fix_btwn    9 15000 0.0000 0.0000 0.0000 0.0000 0.0000 0e+00 0.0000 0.0000
btwn_int_varn   10 15000 1.0000 0.0000 1.0000 1.0000 0.0000 0e+00 1.0000 1.0000
