              vars     n   mean     sd    min    max  range    se Q0.025 Q0.975
tot_fix_wthn     1 15000 0.0656 0.0085 0.0361 0.1040 0.0679 1e-04 0.0496 0.0830
tot_fix_btwn     2 15000 0.0000 0.0000 0.0000 0.0000 0.0000 0e+00 0.0000 0.0000
tot_slp_varn     3 15000 0.0216 0.0039 0.0107 0.0430 0.0323 0e+00 0.0150 0.0304
tot_int_varn     4 15000 0.4500 0.0323 0.3480 0.5876 0.2396 3e-04 0.3894 0.5168
tot_sig_varn     5 15000 0.4628 0.0273 0.3506 0.5544 0.2038 2e-04 0.4069 0.5141
wthn_fix_wthn    6 15000 0.1192 0.0128 0.0698 0.1709 0.1010 1e-04 0.0947 0.1448
wthn_slp_varn    7 15000 0.0393 0.0067 0.0196 0.0745 0.0549 1e-04 0.0280 0.0543
wthn_sig_varn    8 15000 0.8415 0.0137 0.7846 0.8867 0.1021 1e-04 0.8134 0.8669
btwn_fix_btwn    9 15000 0.0000 0.0000 0.0000 0.0000 0.0000 0e+00 0.0000 0.0000
btwn_int_varn   10 15000 1.0000 0.0000 1.0000 1.0000 0.0000 0e+00 1.0000 1.0000
