              vars     n   mean     sd    min    max  range    se Q0.025 Q0.975
tot_fix_wthn     1 15000 0.0279 0.0047 0.0128 0.0485 0.0357 0e+00 0.0193 0.0376
tot_fix_btwn     2 15000 0.0252 0.0170 0.0000 0.1231 0.1231 1e-04 0.0015 0.0664
tot_slp_varn     3 15000 0.0146 0.0029 0.0062 0.0294 0.0232 0e+00 0.0096 0.0210
tot_int_varn     4 15000 0.4379 0.0327 0.3285 0.5584 0.2299 3e-04 0.3761 0.5046
tot_sig_varn     5 15000 0.4945 0.0296 0.3568 0.6023 0.2455 2e-04 0.4349 0.5500
wthn_fix_wthn    6 15000 0.0518 0.0079 0.0258 0.0880 0.0622 1e-04 0.0371 0.0678
wthn_slp_varn    7 15000 0.0272 0.0052 0.0118 0.0544 0.0426 0e+00 0.0183 0.0386
wthn_sig_varn    8 15000 0.9210 0.0090 0.8759 0.9511 0.0752 1e-04 0.9020 0.9373
btwn_fix_btwn    9 15000 0.0540 0.0357 0.0000 0.2467 0.2467 3e-04 0.0032 0.1395
btwn_int_varn   10 15000 0.9460 0.0357 0.7533 1.0000 0.2467 3e-04 0.8605 0.9968
